	ncopy
0	89
1	51	51.00
2	68	34.00
3	77	25.67
4	84	21.00
5	93	18.60
6	105	17.50
7	139	19.86
8	136	17.00
9	175	19.44
10	177	17.70
11	191	17.36
12	183	15.25
13	187	14.38
14	197	14.07
15	180	12.00
16	207	12.94
17	211	12.41
18	178	9.89
19	187	9.84
20	219	10.95
21	228	10.86
22	235	10.68
23	269	11.70
24	356	14.83
25	370	14.80
26	347	13.35
27	296	10.96
28	303	10.82
29	395	13.62
30	371	12.37
31	280	9.03
32	307	9.59
33	371	11.24
34	428	12.59
35	447	12.77
36	424	11.78
37	328	8.86
38	365	9.61
39	414	10.62
40	466	11.65
41	515	12.56
42	477	11.36
43	476	11.07
44	511	11.61
45	499	11.09
46	526	11.43
47	420	8.94
48	422	8.79
49	631	12.88
50	653	13.06
51	572	11.22
52	464	8.92
53	653	12.32
54	510	9.44
55	649	11.80
56	636	11.36
57	580	10.18
58	617	10.64
59	769	13.03
60	690	11.50
61	644	10.56
62	766	12.35
63	625	9.92
64	632	9.88
	 <-- progress:0	 <-- progress:10	 <-- progress:20	 <-- progress:30	 <-- progress:40	 <-- progress:50	 <-- progress:60	 <-- progress:70	 <-- progress:80	 <-- progress:90
==================
Average CPE	13.57
Score	47.0/60.0
