	ncopy
0	99
1	51	51.00
2	68	34.00
3	82	27.33
4	94	23.50
5	108	21.60
6	120	20.00
7	114	16.29
8	136	17.00
9	163	18.11
10	114	11.40
11	123	11.18
12	170	14.17
13	184	14.15
14	221	15.79
15	190	12.67
16	217	13.56
17	221	13.00
18	278	15.44
19	280	14.74
20	201	10.05
21	220	10.48
22	297	13.50
23	281	12.22
24	258	10.75
25	257	10.28
26	339	13.04
27	338	12.52
28	345	12.32
29	307	10.59
30	263	8.77
31	347	11.19
32	349	10.91
33	298	9.03
34	455	13.38
35	349	9.97
36	426	11.83
37	390	10.54
38	472	12.42
39	439	11.26
40	495	12.38
41	534	13.02
42	366	8.71
43	365	8.49
44	402	9.14
45	526	11.69
46	558	12.13
47	622	13.23
48	644	13.42
49	541	11.04
50	622	12.44
51	576	11.29
52	663	12.75
53	667	12.58
54	474	8.78
55	538	9.78
56	540	9.64
57	534	9.37
58	591	10.19
59	598	10.14
60	649	10.82
61	578	9.48
62	765	12.34
63	789	12.52
64	621	9.70
	 <-- progress:0	 <-- progress:10	 <-- progress:20	 <-- progress:30	 <-- progress:40	 <-- progress:50	 <-- progress:60	 <-- progress:70	 <-- progress:80	 <-- progress:90
==================
Average CPE	13.47
Score	48.9/60.0
